[app/ui]
version = 7.1.0
modtime = 1527458816.767000000

[app/launcher]
version = 7.1.0
modtime = 1527458816.776000000

[app/package/check_for_updates]
version = 7.1.0
modtime = 1527458816.780000000

[html/example3__kvstore_form]
version = 7.1.0
modtime = 1527709233.949800600
